
coreg_loffset=vector(13,12) [choose($2,0
	,choose($1,0,    0,   0,-338,-650,   0,   0,   0,   0,   0,   0,   0,   0,   0)
	,choose($1,0,    0,   0, 304, 640,   0,   0,   0,   0,   0,   0,   0,   0,   0)+1304 //1304 +0,+304,+640
	,choose($1,0,    0,   0,-338,-640,   0,   0,   0,   0,   0,   0,   0,   0,   0)+0
	,choose($1,0,    0,   0, 304, 640,   0,   0,   0,   0,   0,   0,   0,   0,   0)+1304 //1304 +0,+304,+640
	,choose($1,0,    0,   0,-338,-640,   0,   0,   0,   0,   0,   0,   0,   0,   0)+0
	,choose($1,0,    0,   0, 336, 640,   0,   0,   0,   0,   0,   0,   0,   0,   0)+1304-32 //1304 +0,+304,+640
	,choose($1,0,    0,   0,-338,-640,   0,   0,   0,   0,   0,   0,   0,   0,   0)+0
	,choose($1,0,    0,   0, 304, 640,   0,   0,   0,   0,   0,   0,   0,   0,   0)+1304 //1304 +0,+304,+640
	,choose($1,0,    0,   0,-338,-640,   0,   0,   0,   0,   0,   0,   0,   0,   0)+0
	,choose($1,0,    0,   0, 304, 640,   0,   0,   0,   0,   0,   0,   0,   0,   0)+1304 //1304 +0,+304,+640
	,choose($1,0,    0,   0,-338,-640,   0,   0,   0,   0,   0,   0,   0,   0,   0)+0
	,choose($1,0,    0,   0, 304, 640,   0,   0,   0,   0,   0,   0,   0,   0,   0)+1304 //1304 +0,+304,+640
)];

coreg_loffset=vector(13,12) [0];

